[levenshtein_meilenstein_matrix copy.png]
filters=HDR=1,80.000000,7.000000,0.000000;bw=1;finetune2=1,0.000000,0.000000,0.480000,00000000,0.134503;autolight=1;
moddate=00004ee786cf0000
width=399
height=263
textactive=0
